AIM-Spice kernel Version 2022.100  (Built on Aug 12 2022)
Circuit: 
Analysis: Transient Analysis
Started on: fre. nov. 17 20:32:13 2023
Time i(vdd)
6.01876383482151e-06,1.09100336403799e-06
6.05876383482151e-06,-1.10529833969304e-06
6.09876383482151e-06,1.08592927914140e-06
6.13876383482151e-06,-1.10037676341489e-06
6.17876383482151e-06,1.08097479694128e-06
6.21876383482151e-06,-1.09540133683237e-06
6.25876383482151e-06,1.07597197956388e-06
6.29876383482151e-06,-1.09046281029681e-06
6.33876383482151e-06,1.07115509578128e-06
6.37876383482151e-06,-1.08565398789791e-06
6.41876383482151e-06,1.06631290160430e-06
6.45876383482150e-06,-1.08080949453937e-06
6.49876383482150e-06,1.06151433588113e-06
6.53876383482150e-06,-1.07600803898321e-06
6.57876383482150e-06,1.05675833221146e-06
6.61876383482150e-06,-1.07124860537187e-06
6.65876383482150e-06,1.05204388666996e-06
6.69876383482150e-06,-1.06662586569342e-06
6.73876383482150e-06,1.04736757456698e-06
6.77876383482150e-06,-1.06194862185816e-06
6.81876383482150e-06,1.04273087346120e-06
6.85876383482150e-06,-1.05731053361522e-06
6.89876383482150e-06,1.03813291678817e-06
6.93876383482150e-06,-1.05271073236735e-06
6.97876383482150e-06,1.03357283629062e-06
7.01876383482150e-06,-1.04823031479609e-06
7.05876383482150e-06,1.02904777910819e-06
7.09876383482150e-06,-1.04370547286946e-06
7.13876383482150e-06,1.02455897398970e-06
7.17876383482150e-06,-1.03921649704621e-06
7.21876383482150e-06,1.02010568730856e-06
7.25876383482150e-06,-1.03476265321086e-06
7.29876383482150e-06,1.01568718192485e-06
7.33876383482150e-06,-1.03034316819725e-06
7.37876383482150e-06,1.01130278221331e-06
7.41876383482150e-06,-1.02604570403411e-06
7.45876383482150e-06,1.00694965225068e-06
7.49876383482149e-06,-1.02169398015712e-06
7.53876383482149e-06,1.00262927539141e-06
7.57876383482149e-06,-1.01737470072344e-06
7.61876383482149e-06,9.98341062882041e-07
7.65876383482149e-06,-1.01308726510695e-06
7.69876383482149e-06,9.94084410964633e-07
7.73876383482149e-06,-1.00883109010733e-06
7.77876383482149e-06,9.89858744267928e-07
7.81876383482149e-06,-1.00460561357624e-06
7.85876383482149e-06,9.85663511883603e-07
7.89876383482149e-06,-1.00049867629716e-06
7.93876383482149e-06,9.81496176123353e-07
7.97876383482149e-06,-9.96333756774648e-07
8.00000000000000e-06,9.75556750555706e-07
