AIM-Spice kernel Version 2022.100  (Built on Aug 12 2022)
Circuit: 
Analysis: Transient Analysis
Started on: fre. nov. 17 20:50:06 2023
Time i(vdd)
6.03746915299084e-06,1.56624156112918e-06
6.07746915299084e-06,-1.58722744978953e-06
6.11746915299084e-06,1.56165803072222e-06
6.15746915299084e-06,-1.58264381923304e-06
6.19746915299084e-06,1.55711758305311e-06
6.23746915299084e-06,-1.57810290551612e-06
6.27746915299084e-06,1.55261931731393e-06
6.31746915299084e-06,-1.57360381855605e-06
6.35746915299084e-06,1.54816254407180e-06
6.39746915299084e-06,-1.56914587427178e-06
6.43746915299084e-06,1.54362634327519e-06
6.47746915299084e-06,-1.56472936625616e-06
6.51746915299084e-06,1.53925010317007e-06
6.55746915299084e-06,-1.56035250159683e-06
6.59746915299084e-06,1.53491310299058e-06
6.63746915299083e-06,-1.55601452548392e-06
6.67746915299083e-06,1.53061460545700e-06
6.71746915299083e-06,-1.55171472791317e-06
6.75746915299083e-06,1.52635390081679e-06
6.79746915299083e-06,-1.54745240739427e-06
6.83746915299083e-06,1.52213029573589e-06
6.87746915299083e-06,-1.54322687911117e-06
6.91746915299083e-06,1.51794311008593e-06
6.95746915299083e-06,-1.53915293921624e-06
6.99746915299083e-06,1.51377474661875e-06
7.03746915299083e-06,-1.53499541400729e-06
7.07746915299083e-06,1.50965325048725e-06
7.11746915299083e-06,-1.53098845844606e-06
7.15746915299083e-06,1.50568145357691e-06
7.19746915299083e-06,-1.52689547163724e-06
7.23746915299083e-06,1.50174121699904e-06
7.27746915299083e-06,-1.52295805433896e-06
7.31746915299083e-06,1.49770737420642e-06
7.35746915299083e-06,-1.51892194673912e-06
7.39746915299083e-06,1.49383415282467e-06
7.43746915299083e-06,-1.51504528214300e-06
7.47746915299083e-06,1.48986134526696e-06
7.51746915299083e-06,-1.51106970991676e-06
7.55746915299083e-06,1.48592431517766e-06
7.59746915299083e-06,-1.50725277405906e-06
7.63746915299083e-06,1.48201036950474e-06
7.67746915299083e-06,-1.50333675893699e-06
7.71746915299083e-06,1.47825337705310e-06
7.75746915299083e-06,-1.49957652533075e-06
7.79746915299082e-06,1.47439645398429e-06
7.83746915299082e-06,-1.49571704461989e-06
7.87746915299082e-06,1.47069469555914e-06
7.91746915299082e-06,-1.49201159670591e-06
7.95746915299082e-06,1.46689288523914e-06
7.99746915299082e-06,-1.48820678765922e-06
8.00000000000000e-06,1.43758167326287e-06
