AIM-Spice kernel Version 2022.100  (Built on Aug 12 2022)
Circuit: 
Analysis: Transient Analysis
Started on: fre. nov. 17 20:47:08 2023
Time i(vdd)
6.00395540495754e-06,-2.42038600101698e-06
6.04395540495753e-06,2.39494762770027e-06
6.08395540495753e-06,-2.41377905549446e-06
6.12395540495753e-06,2.38837188405045e-06
6.16395540495753e-06,-2.40693167226346e-06
6.20395540495753e-06,2.38155909669373e-06
6.24395540495753e-06,-2.40043665161597e-06
6.28395540495753e-06,2.37509391680953e-06
6.32395540495753e-06,-2.39370868013361e-06
6.36395540495753e-06,2.36839755467606e-06
6.40395540495753e-06,-2.38732078886184e-06
6.44395540495753e-06,2.36203856064119e-06
6.48395540495753e-06,-2.38070018037586e-06
6.52395540495753e-06,2.35544845030957e-06
6.56395540495753e-06,-2.37441580688512e-06
6.60395540495753e-06,2.34919189973553e-06
6.64395540495753e-06,-2.36789884785367e-06
6.68395540495753e-06,2.34270437297028e-06
6.72395540495753e-06,-2.36171436975435e-06
6.76395540495753e-06,2.33654668983887e-06
6.80395540495753e-06,-2.35529748068399e-06
6.84395540495753e-06,2.33015821269327e-06
6.88395540495753e-06,-2.34920940287619e-06
6.92395540495753e-06,2.32409594669894e-06
6.96395540495753e-06,-2.34288918353288e-06
7.00395540495753e-06,2.31780316270003e-06
7.04395540495753e-06,-2.33689419591622e-06
7.08395540495752e-06,2.31183304408379e-06
7.12395540495752e-06,-2.33066737541026e-06
7.16395540495752e-06,2.30563272374655e-06
7.20395540495752e-06,-2.32476228926477e-06
7.24395540495752e-06,2.29975160840643e-06
7.28395540495752e-06,-2.31873756268624e-06
7.32395540495752e-06,2.29366976785114e-06
7.36395540495752e-06,-2.31288894395103e-06
7.40395540495752e-06,2.28792632334308e-06
7.44395540495752e-06,-2.30695527515555e-06
7.48395540495752e-06,2.28192448414006e-06
7.52395540495752e-06,-2.30119530157368e-06
7.56395540495752e-06,2.27627891529471e-06
7.60395540495752e-06,-2.29534935879879e-06
7.64395540495752e-06,2.27035447130932e-06
7.68395540495752e-06,-2.28967484634448e-06
7.72395540495752e-06,2.26480305523986e-06
7.76395540495752e-06,-2.28391355556402e-06
7.80395540495752e-06,2.25895349460458e-06
7.84395540495752e-06,-2.27832146802237e-06
7.88395540495752e-06,2.25349267909853e-06
7.92395540495752e-06,-2.27264186246768e-06
7.96395540495752e-06,2.24783439250548e-06
8.00000000000000e-06,-2.26682942079688e-06
